=== fsQCA Calibration Report ===
Thresholds used (5th, 50th, 95th percentiles):
FS_mean: [1.4285714285714286, 2.571428571428572, 3.7142857142857135]
PT_mean: [2.0, 2.857142857142857, 3.857142857142857]
EC_mean: [1.7142857142857142, 2.7142857142857144, 3.4285714285714284]
PD_mean: [1.4285714285714286, 2.2857142857142856, 3.571428571428572]
IRI_total: [1.8214285714285712, 2.607142857142857, 3.4285714285714284]

Calibration complete. Save to 04_qca/df_qca_calibrated.csv